-85
-85
-85
-80
-80
-80
-88
-88
-88
-83
-83
-83
-78
-78
-78
-74
-74
-74
-83
-83
-83
-72
-72
-72
-84
-84
-84
-70
-70
-70
-89
-89
-89
-82
-82
-82
-83
-83
-83
-68
-68
-68
-89
-74
-74
-74
-89
-89
-87
-87
-87
-71
-71
-72
-72
-71
-80
-80
-72
-80
-86
-86
-86
-71
-71
-71
-89
-89
-89
-89
-89
-89
0
0
0
0
0
0
0
0
0
0
0
0
-73
-73
-73
-79
-87
-87
-87
-89
-89
-79
-79
-89
-97
-97
-97
-71
-71
-92
-92
-92
-86
-86
-71
-86
-77
-77
-77
-83
-83
-78
-78
-92
-92
-83
-78
-92
-91
-91
-91
-75
-75
-75
-90
-91
-91
-91
-90
-90
-85
-85
-85
-80
-80
-80
-88
-88
-88
-83
-83
-83
-78
-78
-78
-74
-74
-74
-83
-83
-72
-72
-83
-72
-84
-84
-84
-70
-70
-70
-89
-89
-89
-82
-82
-82
-83
-83
-83
-68
-68
-89
-68
-74
-74
-89
-74
-89
-87
-87
-87
-71
-71
-71
-72
-72
-80
-80
-80
-72
-86
-86
-86
-71
-71
-89
-89
-89
-71
-89
-89
-89
0
0
0
0
0
0
0
0
0
0
0
0
-73
-73
-73
-79
-79
-79
-87
-87
-89
-89
-89
-87
-97
-97
-97
-71
-71
-71
-92
-92
-92
-86
-86
-86
-77
-77
-77
-83
-83
-83
-78
-78
-78
-92
-92
-92
